[gd_scene load_steps=11 format=3 uid="uid://ds20spisv5l2r"]

[ext_resource type="PackedScene" uid="uid://dr411nmheckvf" path="res://Items/Object Template.tscn" id="1_tsflr"]
[ext_resource type="PackedScene" uid="uid://c25yxb0vt53vc" path="res://addons/godot-xr-tools/objects/grab_points/grab_point_hand_left.tscn" id="2_eass5"]
[ext_resource type="Animation" uid="uid://bediglpx0rj7i" path="res://addons/godot-xr-tools/hands/animations/left/Grip 5.res" id="3_tagsr"]
[ext_resource type="Script" path="res://addons/godot-xr-tools/hands/poses/hand_pose_settings.gd" id="4_4u81v"]
[ext_resource type="PackedScene" uid="uid://ctw7nbntd5pcj" path="res://addons/godot-xr-tools/objects/grab_points/grab_point_hand_right.tscn" id="5_a54h3"]
[ext_resource type="Animation" uid="uid://s1vqcxyqcvea" path="res://addons/godot-xr-tools/hands/animations/right/Grip 5.res" id="6_cufun"]
[ext_resource type="PackedScene" uid="uid://dwt84bs4sb5r6" path="res://Items/mesh files/Pool-table.FBX" id="7_jm3xa"]

[sub_resource type="BoxShape3D" id="BoxShape3D_j4icb"]
size = Vector3(1.53125, 0.423828, 0.85791)

[sub_resource type="Resource" id="Resource_m0rx4"]
script = ExtResource("4_4u81v")
open_pose = ExtResource("3_tagsr")
closed_pose = ExtResource("3_tagsr")

[sub_resource type="Resource" id="Resource_vx8u2"]
script = ExtResource("4_4u81v")
open_pose = ExtResource("6_cufun")
closed_pose = ExtResource("6_cufun")

[node name="Pool Table" instance=ExtResource("1_tsflr")]
mass = 100.0

[node name="CollisionShape3D" parent="." index="0"]
transform = Transform3D(2, 0, 0, 0, 2, 0, 0, 0, 2, -0.0585938, 0.396484, 0.0391685)
shape = SubResource("BoxShape3D_j4icb")

[node name="GrabPointHandLeft" parent="." index="1"]
transform = Transform3D(1, 0, 0, 0, -0.0548107, 0.998497, 0, -0.998497, -0.0548107, -1.9272, 0.526918, -0.0499638)

[node name="GrabPointHandLeft2" parent="." index="2" instance=ExtResource("2_eass5")]
transform = Transform3D(1, 0, 0, 0, -0.0548107, 0.998497, 0, -0.998497, -0.0548107, -1.9272, 0.526918, -0.525711)
hand_pose = SubResource("Resource_m0rx4")

[node name="GrabPointHandLeft3" parent="." index="3" instance=ExtResource("2_eass5")]
transform = Transform3D(1, 0, 0, 0, -0.0548107, 0.998497, 0, -0.998497, -0.0548107, -1.9272, 0.526918, -0.525711)
hand_pose = SubResource("Resource_m0rx4")

[node name="GrabPointHandLeft4" parent="." index="4" instance=ExtResource("2_eass5")]
transform = Transform3D(1, 0, 0, 0, -0.0548107, 0.998497, 0, -0.998497, -0.0548107, -1.9272, 0.526918, 0.263371)
hand_pose = SubResource("Resource_m0rx4")

[node name="GrabPointHandLeft5" parent="." index="5" instance=ExtResource("2_eass5")]
transform = Transform3D(1, 0, 0, 0, -0.0548107, 0.998497, 0, -0.998497, -0.0548107, -1.9272, 0.526918, -1.55769)
hand_pose = SubResource("Resource_m0rx4")

[node name="GrabPointHandLeft6" parent="." index="6" instance=ExtResource("2_eass5")]
transform = Transform3D(1, 0, 0, 0, -0.0548107, 0.998497, 0, -0.998497, -0.0548107, -0.867754, 0.526918, -1.55769)
hand_pose = SubResource("Resource_m0rx4")

[node name="GrabPointHandLeft7" parent="." index="7" instance=ExtResource("2_eass5")]
transform = Transform3D(1, 0, 0, 0, -0.0548107, 0.998497, 0, -0.998497, -0.0548107, -0.202975, 0.526918, -1.55769)
hand_pose = SubResource("Resource_m0rx4")

[node name="GrabPointHandLeft8" parent="." index="8" instance=ExtResource("2_eass5")]
transform = Transform3D(1, 0, 0, 0, -0.0548107, 0.998497, 0, -0.998497, -0.0548107, 0.433012, 0.526918, -1.55769)
hand_pose = SubResource("Resource_m0rx4")

[node name="GrabPointHandLeft9" parent="." index="9" instance=ExtResource("2_eass5")]
transform = Transform3D(1, 0, 0, 0, -0.0548107, 0.998497, 0, -0.998497, -0.0548107, 0.972179, 0.526918, -1.55769)
hand_pose = SubResource("Resource_m0rx4")

[node name="GrabPointHandLeft10" parent="." index="10" instance=ExtResource("2_eass5")]
transform = Transform3D(1, 0, 0, 0, -0.0548107, 0.998497, 0, -0.998497, -0.0548107, 1.20928, 0.526918, -1.55769)
hand_pose = SubResource("Resource_m0rx4")

[node name="GrabPointHandRight" parent="." index="11"]
transform = Transform3D(1, 0, 0, 0, -0.0548107, 0.998497, 0, -0.998497, -0.0548107, 1.39753, 0.627807, -0.0494479)

[node name="GrabPointHandRight2" parent="." index="12" instance=ExtResource("5_a54h3")]
transform = Transform3D(1, 0, 0, 0, -0.0548107, 0.998497, 0, -0.998497, -0.0548107, 1.00513, 0.627807, 0.871107)
hand_pose = SubResource("Resource_vx8u2")

[node name="GrabPointHandRight3" parent="." index="13" instance=ExtResource("5_a54h3")]
transform = Transform3D(1, 0, 0, 0, -0.0548107, 0.998497, 0, -0.998497, -0.0548107, 0.32219, 0.627807, 0.871107)
hand_pose = SubResource("Resource_vx8u2")

[node name="GrabPointHandRight4" parent="." index="14" instance=ExtResource("5_a54h3")]
transform = Transform3D(1, 0, 0, 0, -0.0548107, 0.998497, 0, -0.998497, -0.0548107, -0.0786647, 0.627807, 0.871107)
hand_pose = SubResource("Resource_vx8u2")

[node name="GrabPointHandRight5" parent="." index="15" instance=ExtResource("5_a54h3")]
transform = Transform3D(1, 0, 0, 0, -0.0548107, 0.998497, 0, -0.998497, -0.0548107, -0.787198, 0.627807, 0.871107)
hand_pose = SubResource("Resource_vx8u2")

[node name="GrabPointHandRight6" parent="." index="16" instance=ExtResource("5_a54h3")]
transform = Transform3D(1, 0, 0, 0, -0.0548107, 0.998497, 0, -0.998497, -0.0548107, -1.37617, 0.627807, 0.871107)
hand_pose = SubResource("Resource_vx8u2")

[node name="GrabPointHandRight7" parent="." index="17" instance=ExtResource("5_a54h3")]
transform = Transform3D(1, 0, 0, 0, -0.0548107, 0.998497, 0, -0.998497, -0.0548107, 1.39997, 0.627807, 0.519076)
hand_pose = SubResource("Resource_vx8u2")

[node name="GrabPointHandRight8" parent="." index="18" instance=ExtResource("5_a54h3")]
transform = Transform3D(1, 0, 0, 0, -0.0548107, 0.998497, 0, -0.998497, -0.0548107, 1.39997, 0.627807, -0.0913397)
hand_pose = SubResource("Resource_vx8u2")

[node name="GrabPointHandRight9" parent="." index="19" instance=ExtResource("5_a54h3")]
transform = Transform3D(1, 0, 0, 0, -0.0548107, 0.998497, 0, -0.998497, -0.0548107, 1.39997, 0.627807, -0.659729)
hand_pose = SubResource("Resource_vx8u2")

[node name="GrabPointHandRight10" parent="." index="20" instance=ExtResource("5_a54h3")]
transform = Transform3D(1, 0, 0, 0, -0.0548107, 0.998497, 0, -0.998497, -0.0548107, 1.39997, 0.627807, -0.659729)
hand_pose = SubResource("Resource_vx8u2")

[node name="Pool-table" parent="." index="22" instance=ExtResource("7_jm3xa")]
transform = Transform3D(1, 0, 0, 0, 1, 0, 0, 0, 1, 1.89026, 0, 0.544854)
